
8.373937906460602E-04,  7.137428429970318E+03,  9.818952462740749E+01,  3.037607976469795E+02,  9.543316159222471E+01,  2.460658523400589E+06,  5.991466362491447E-02,  2.388638777427626E+02,  2.387817875680657E+02,  7.143410277380634E+03,  7.149392124790951E+03,  6.008545791957017E+03,
1.417155503221316E-03,  7.136136851205979E+03,  9.818786205622698E+01,  3.037614509074843E+02,  7.489282472470892E+01,  2.460658519428411E+06,  5.987877581009633E-02,  2.954138701301582E+02,  2.952670792827051E+02,  7.146264218871225E+03,  7.156391586536472E+03,  6.012146960748310E+03,
1.224927902820441E-03,  7.128641922789269E+03,  9.819306918526235E+01,  3.037646810532281E+02,  1.271165892421659E+02,  2.460658529482818E+06,  5.999055200159251E-02,  2.791738007811949E+02,  2.790351960722240E+02,  7.137384704466935E+03,  7.146127486144600E+03,  6.000944948638637E+03,
5.428184537789339E-04,  7.125168904304175E+03,  9.819797488520756E+01,  3.037753233583748E+02,  2.343948479556268E+02,  2.460658550145086E+06,  6.009593000495651E-02,  2.078049275108896E+02,  2.077759298101107E+02,  7.129038678056329E+03,  7.132908451808482E+03,  5.990422312630962E+03,
2460658.527777778, A.D. 2024-Dec-14 00:40:00.0000,  9.312007183312027E-04,  7.126132956219965E+03,  9.819580109965956E+01,  3.037879611727114E+02,  1.698612784797317E+01,  2.460658508290683E+06,  6.004871659494130E-02,  1.011031236284987E+02,  1.012078105079776E+02,  7.132775001424989E+03,  7.139417046630012E+03,  5.995132292807863E+03,
2460658.534722222, A.D. 2024-Dec-14 00:50:00.0000,  1.479727953592159E-03,  7.132853115585509E+03,  9.818957061618515E+01,  3.037944108175136E+02,  8.556447029171306E+01,  2.460658521494198E+06,  5.991449803842933E-02,  6.847635749556730E+01,  6.863420438733053E+01,  7.143423438932441E+03,  7.153993762279373E+03,  6.008562397853939E+03,
2460658.541666667, A.D. 2024-Dec-14 01:00:00.0000,  9.986669574478637E-04,  7.139117217460374E+03,  9.818790592156837E+01,  3.037950615678195E+02,  1.095547581170668E+02,  2.460658526107538E+06,  5.987890493614893E-02,  8.049573478128937E+01,  8.060862591576632E+01,  7.146253945144920E+03,  7.153390672829466E+03,  6.012133995835115E+03,
2460658.548611111, A.D. 2024-Dec-14 01:10:00.0000,  1.537252728622929E-03,  7.126427840321130E+03,  9.819309881611883E+01,  3.037982917632706E+02,  5.981205334105982E+01,  2.460658516541494E+06,  5.999036133352049E-02,  1.662221869308718E+02,  1.662640616678692E+02,  7.137399827681506E+03,  7.148371815041883E+03,  6.000964021512648E+03,
2460658.555555556, A.D. 2024-Dec-14 01:20:00.0000,  2.769215603167566E-03,  7.109341824240229E+03,  9.819800724414519E+01,  3.038088943441678E+02,  8.252360462644694E+01,  2.460658521000050E+06,  6.009535953203240E-02,  1.794204448569307E+02,  1.794236435551678E+02,  7.129083794319748E+03,  7.148825764399267E+03,  5.990479178481503E+03,
2460658.562500000, A.D. 2024-Dec-14 01:30:00.0000,  2.223980483576722E-03,  7.116819321360516E+03,  9.819590382194400E+01,  3.038215323344722E+02,  1.125455987883242E+02,  2.460658596174175E+06,  6.004988766283587E-02,  1.852879301416069E+02,  1.852645078549958E+02,  7.132682267519031E+03,  7.148545213677545E+03,  5.995015378235245E+03,
2460658.569444444, A.D. 2024-Dec-14 01:40:00.0000,  8.424717730258490E-04,  7.137264603156931E+03,  9.818968668893416E+01,  3.038280792226403E+02,  9.662015315593388E+01,  2.460658593172769E+06,  5.991626976784097E-02,  2.371640266267450E+02,  2.370829573686143E+02,  7.143282617128607E+03,  7.149300631100283E+03,  6.008384724130871E+03,
2460658.576388889, A.D. 2024-Dec-14 01:50:00.0000,  1.410951699145025E-03,  7.136236146542936E+03,  9.818791705837452E+01,  3.038287637339428E+02,  7.440847570373145E+01,  2.460658588878571E+06,  5.987808405681343E-02,  2.953850495791609E+02,  2.952388670221181E+02,  7.146319257842421E+03,  7.156402369141907E+03,  6.012216417252519E+03,
2460658.583333333, A.D. 2024-Dec-14 02:00:00.0000,  1.234233243938035E-03,  7.128737410007941E+03,  9.819306143306038E+01,  3.038319005002716E+02,  1.261027318428863E+02,  2.460658598831011E+06,  5.998850831649438E-02,  2.796754267453807E+02,  2.795359698014457E+02,  7.137546807557993E+03,  7.146356205108044E+03,  6.001149388490709E+03,
2460658.590277778, A.D. 2024-Dec-14 02:10:00.0000,  5.475717452308192E-04,  7.125179631202063E+03,  9.819803582561853E+01,  3.038424535303416E+02,  2.321060726341341E+02,  2.460658619247480E+06,  6.009536558269232E-02,  2.095823665390518E+02,  2.095514083413877E+02,  7.129083315795190E+03,  7.132987000388317E+03,  5.990478575334290E+03,
2460658.597222222, A.D. 2024-Dec-14 02:20:00.0000,  9.207334198634739E-04,  7.126072974203616E+03,  9.819596729506262E+01,  3.038551299213901E+02,  1.564601473827630E+01,  2.460658577576016E+06,  6.005041848004029E-02,  1.019315134121008E+02,  1.020347176155299E+02,  7.132640234439328E+03,  7.139207494675041E+03,  5.994962385144038E+03,
2460658.604166667, A.D. 2024-Dec-14 02:30:00.0000,  1.477933487145244E-03,  7.132738227787633E+03,  9.818973291641333E+01,  3.038616924709848E+02,  8.483048433734201E+01,  2.460658590896281E+06,  5.991610713315845E-02,  6.869748955815123E+01,  6.885538264751651E+01,  7.143295543479918E+03,  7.153852859172202E+03,  6.008401033130050E+03,
2460658.611111111, A.D. 2024-Dec-14 02:40:00.0000,  1.010207871027225E-03,  7.139090113597761E+03,  9.818796100144280E+01,  3.038623743267023E+02,  1.098658074275631E+02,  2.460658595711116E+06,  5.987820831067698E-02,  7.967152192152049E+01,  7.978543314005393E+01,  7.146309371573720E+03,  7.153528629549680E+03,  6.012203941242641E+03,
2460658.618055556, A.D. 2024-Dec-14 02:50:00.0000,  1.514009318803957E-03,  7.126754631091273E+03,  9.819309142451090E+01,  3.038655114806118E+02,  5.978559745366137E+01,  2.460658586078577E+06,  5.998832983583017E-02,  1.657364136926048E+02,  1.657790810927366E+02,  7.137560964905672E+03,  7.148367298720072E+03,  6.001167243449028E+03,
2460658.625000000, A.D. 2024-Dec-14 03:00:00.0000,  2.762573512363830E-03,  7.109434462333582E+03,  9.819806765726804E+01,  3.038760251405136E+02,  8.206652562269184E+01,  2.460658590454614E+06,  6.009478533479651E-02,  1.793661871023959E+02,  1.793696768885105E+02,  7.129129205843865E+03,  7.148823949354148E+03,  5.990536416668921E+03,
2460658.631944444, A.D. 2024-Dec-14 03:10:00.0000,  2.243652975990315E-03,  7.116546855344905E+03,  9.819606905696246E+01,  3.038887002475365E+02,  1.121935037615517E+02,  2.460658665648445E+06,  6.005156028557888E-02,  1.851283156319643E+02,  1.851053980492501E+02,  7.132549821979389E+03,  7.148552788613873E+03,  5.994848398409598E+03,
2460658.638888889, A.D. 2024-Dec-14 03:20:00.0000,  8.484007348531466E-04,  7.137092953544515E+03,  9.818984990493981E+01,  3.038953594580004E+02,  9.779348185044221E+01,  2.460658662942277E+06,  5.991789796242657E-02,  2.354778632444906E+02,  2.353978114771027E+02,  7.143153209977027E+03,  7.149213466409538E+03,  6.008221453725721E+03,
2460658.645833333, A.D. 2024-Dec-14 03:30:00.0000,  1.404488274899707E-03,  7.136334559989385E+03,  9.818797379096026E+01,  3.038960771465931E+02,  7.393446712272195E+01,  2.460658658330721E+06,  5.987742677557005E-02,  2.953458941363780E+02,  2.952003347347464E+02,  7.146371555046525E+03,  7.156408550103665E+03,  6.012282414027848E+03,
2460658.652777778, A.D. 2024-Dec-14 03:40:00.0000,  1.243413901101229E-03,  7.128833301866479E+03,  9.819305408712256E+01,  3.038991219334737E+02,  1.251008524001271E+02,  2.460658668181508E+06,  5.998647083500436E-02,  2.801650679250554E+02,  2.800247813743111E+02,  7.137708427747549E+03,  7.146583553628619E+03,  6.001353221632209E+03,
2460658.659722222, A.D. 2024-Dec-14 03:50:00.0000,  5.527563924444713E-04,  7.125188898408729E+03,  9.819809623373150E+01,  3.039095858604503E+02,  2.298486039419612E+02,  2.460658688355905E+06,  6.009478072588963E-02,  2.113285041902107E+02,  2.112955897246898E+02,  7.129129570351307E+03,  7.133070242293885E+03,  5.990536876106900E+03,
2460658.666666667, A.D. 2024-Dec-14 04:00:00.0000,  9.102947191375309E-04,  7.126012893722100E+03,  9.819613342827896E+01,  3.039223004262473E+02,  1.427938484925679E+01,  2.460658646856243E+06,  6.005211907616262E-02,  1.027864445127863E+02,  1.028881441810011E+02,  7.132505575882044E+03,  7.138998258041987E+03,  5.994792615784647E+03,
2460658.673611111, A.D. 2024-Dec-14 04:10:00.0000,  1.475801466462480E-03,  7.132622512016414E+03,  9.818989731393435E+01,  3.039289759491206E+02,  8.408451707767614E+01,  2.460658660296057E+06,  5.991775711031187E-02,  6.893062609331993E+01,  6.908853900465743E+01,  7.143164404519785E+03,  7.153706297023157E+03,  6.008235577597144E+03,
2460658.680555556, A.D. 2024-Dec-14 04:20:00.0000,  1.021829788550134E-03,  7.139058688581899E+03,  9.818802141968678E+01,  3.039296905664942E+02,  1.101377619910585E+02,  2.460658665307153E+06,  5.987755876399552E-02,  7.888640468283401E+01,  7.900133011737223E+01,  7.146361053185779E+03,  7.153663417789659E+03,  6.012269161121322E+03,
2460658.687500000, A.D. 2024-Dec-14 04:30:00.0000,  1.490863525621596E-03,  7.127080306126883E+03,  9.819309203640732E+01,  3.039327381309705E+02,  5.977984039513550E+01,  2.460658655619666E+06,  5.998630383691663E-02,  1.652299255865612E+02,  1.652734014070205E+02,  7.137721675028221E+03,  7.148363043929559E+03,  6.001369929021192E+03,
2460658.694444444, A.D. 2024-Dec-14 04:40:00.0000,  2.755593008969430E-03,  7.109531894438762E+03,  9.819813690519503E+01,  3.039431663395755E+02,  8.161332767730465E+01,  2.460658659909911E+06,  6.009418096061290E-02,  1.793080365486292E+02,  1.793118369040901E+02,  7.129177004752763E+03,  7.148822115066765E+03,  5.990596664192033E+03,
2460658.701388889, A.D. 2024-Dec-14 04:50:00.0000,  2.263304365483813E-03,  7.116275325523938E+03,  9.819624347053190E+01,  3.039558797337120E+02,  1.118412283066131E+02,  2.460658735122684E+06,  6.005322310657537E-02,  1.849688795702309E+02,  1.849464787240790E+02,  7.132418158678931E+03,  7.148560991833924E+03,  5.994682406323379E+03,
2460658.708333333, A.D. 2024-Dec-14 05:00:00.0000,  8.553836909341381E-04,  7.136909955085012E+03,  9.819002524866967E+01,  3.039626506560688E+02,  9.898156394243901E+01,  2.460658732714600E+06,  5.991957435936186E-02,  2.337769354198589E+02,  2.336979106392090E+02,  7.143019977878106E+03,  7.149130000671200E+03,  6.008053359006437E+03,
2460658.715277778, A.D. 2024-Dec-14 05:10:00.0000,  1.397484751692458E-03,  7.136430397784709E+03,  9.818804882886288E+01,  3.039634027299069E+02,  7.349978944657592E+01,  2.460658727790464E+06,  5.987685050759529E-02,  2.952673713291013E+02,  2.951224447346957E+02,  7.146417407140417E+03,  7.156404416496124E+03,  6.012340277555756E+03,
2460658.722222222, A.D. 2024-Dec-14 05:20:00.0000,  1.252597884569844E-03,  7.128925298866830E+03,  9.819307024248248E+01,  3.039663600768918E+02,  1.241403960340853E+02,  2.460658737539988E+06,  5.998448229009759E-02,  2.806132372437174E+02,  2.804721150612293E+02,  7.137866174937900E+03,  7.146807051008970E+03,  6.001552172426265E+03,
2460658.729166667, A.D. 2024-Dec-14 05:30:00.0000,  5.587469327980070E-04,  7.125191984283112E+03,  9.819818095853918E+01,  3.039767379262484E+02,  2.276070908026328E+02,  2.460658757467401E+06,  6.009420138809834E-02,  2.130586505794234E+02,  2.130237440905426E+02,  7.129175389165187E+03,  7.133158794047262E+03,  5.990594627842046E+03,
2460658.736111111, A.D. 2024-Dec-14 05:40:00.0000,  8.995841886913322E-04,  7.125954431719555E+03,  9.819632458957732E+01,  3.039894897879151E+02,  1.289321486216645E+01,  2.460658716132718E+06,  6.005382376614044E-02,  1.036608989143689E+02,  1.037610408087656E+02,  7.132370599538789E+03,  7.138786767358023E+03,  5.994622447388193E+03,
2460658.743055556, A.D. 2024-Dec-14 05:50:00.0000,  1.473445347593061E-03,  7.132505896051494E+03,  9.819008997663144E+01,  3.039962771686873E+02,  8.334419497353484E+01,  2.460658729696936E+06,  5.991943867127035E-02,  6.915809845148480E+01,  6.931599790954382E+01,  7.143030761494732E+03,  7.153555626937970E+03,  6.008066964295673E+03,
2460658.750000000, A.D. 2024-Dec-14 06:00:00.0000,  1.033780064548586E-03,  7.139022215309143E+03,  9.818811268985128E+01,  3.039970260436239E+02,  1.103955147452540E+02,  2.460658734900465E+06,  5.987694320342398E-02,  7.811544906155255E+01,  7.823140301282965E+01,  7.146410031532831E+03,  7.153797847756520E+03,  6.012330969818344E+03,
2460658.756944444, A.D. 2024-Dec-14 06:10:00.0000,  1.467639813728303E-03,  7.127406892194863E+03,  9.819312239326683E+01,  3.039999852189360E+02,  5.981010009123921E+01,  2.460658725167719E+06,  5.998427356623184E-02,  1.646873687662392E+02,  1.647317040106884E+02,  7.137882733079655E+03,  7.148358573964447E+03,  6.001573055686084E+03,
2460658.763888889, A.D. 2024-Dec-14 06:20:00.0000,  2.748196566799622E-03,  7.109635414188565E+03,  9.819823378732320E+01,  3.040103254428172E+02,  8.116968163165454E+01,  2.460658729367032E+06,  6.009353701827064E-02,  1.792402968196032E+02,  1.792444580291172E+02,  7.129227933920499E+03,  7.148820453652433E+03,  5.990660857432085E+03,
2460658.770833333, A.D. 2024-Dec-14 06:30:00.0000,  2.282835317173478E-03,  7.116007100450724E+03,  9.819644640711685E+01,  3.040230733649158E+02,  1.114910068191514E+02,  2.460658804597338E+06,  6.005485510878922E-02,  1.848073772771667E+02,  1.847855162895429E+02,  7.132288941538756E+03,  7.148570782626788E+03,  5.994519499678435E+03,
2460658.777777778, A.D. 2024-Dec-14 06:40:00.0000,  8.632829707022270E-04,  7.136720392115645E+03,  9.819023095138564E+01,  3.040299558828540E+02,  1.001551758001032E+02,  2.460658802484110E+06,  5.992125110114422E-02,  2.320904733972621E+02,  2.320124751451668E+02,  7.142886724586635E+03,  7.149053057057625E+03,  6.007885239117206E+03,
2460658.784722222, A.D. 2024-Dec-14 06:50:00.0000,  1.390459850296816E-03,  7.136526726783439E+03,  9.818815129560521E+01,  3.040307445713534E+02,  7.307453765249518E+01,  2.460658797252033E+06,  5.987626999781061E-02,  2.951794061552464E+02,  2.950351046450603E+02,  7.146463597487354E+03,  7.156400468191268E+03,  6.012398568133311E+03,
2460658.791666667, A.D. 2024-Dec-14 07:00:00.0000,  1.262017793422579E-03,  7.129019688121307E+03,  9.819310655926685E+01,  3.040336126665472E+02,  1.231707220264994E+02,  2.460658806896702E+06,  5.998244237249704E-02,  2.810705991325273E+02,  2.809286308106502E+02,  7.138028006475427E+03,  7.147036324829547E+03,  6.001756276684493E+03,
2460658.798611111, A.D. 2024-Dec-14 07:10:00.0000,  5.646047144596909E-04,  7.125203235448225E+03,  9.819828144145224E+01,  3.040438979388313E+02,  2.253363386895957E+02,  2.460658826573305E+06,  6.009353072786282E-02,  2.148180239721885E+02,  2.147811040961661E+02,  7.129228431431072E+03,  7.133253627413918E+03,  5.990661484516224E+03,
2460658.805555556, A.D. 2024-Dec-14 07:20:00.0000,  8.886323468879642E-04,  7.125903440300061E+03,  9.819653236374398E+01,  3.040566821965237E+02,  1.153417273630299E+01,  2.460658785414404E+06,  6.005545581705555E-02,  1.045082344355144E+02,  1.046067895436774E+02,  7.132241380696761E+03,  7.138579321093460E+03,  5.994459539140842E+03,
2460658.812500000, A.D. 2024-Dec-14 07:30:00.0000,  1.471092859809808E-03,  7.132390490592396E+03,  9.819029996737780E+01,  3.040635823535202E+02,  8.261743533763394E+01,  2.460658799100432E+06,  5.992110472142472E-02,  6.937202153122183E+01,  6.952989069141638E+01,  7.142898357364261E+03,  7.153406224136126E+03,  6.007899915624927E+03,
2460658.819444444, A.D. 2024-Dec-14 07:40:00.0000,  1.045985961728869E-03,  7.138982714079845E+03,  9.818821621844518E+01,  3.040643681278639E+02,  1.106356917604654E+02,  2.460658804490386E+06,  5.987634275041884E-02,  7.736207043281600E+01,  7.747906100024706E+01,  7.146457808623753E+03,  7.153932903167662E+03,  6.012391262782691E+03,
2460658.826388889, A.D. 2024-Dec-14 07:50:00.0000,  1.444440692281956E-03,  7.127733764131770E+03,  9.819315643646016E+01,  3.040672365191660E+02,  5.986592606476279E+01,  2.460658794720709E+06,  5.998223768029168E-02,  1.641192445274249E+02,  1.641644584509313E+02,  7.138044245703572E+03,  7.148354727275375E+03,  6.001776757959880E+03,
2460658.833333333, A.D. 2024-Dec-14 08:00:00.0000,  2.740376670354474E-03,  7.109744801413259E+03,  9.819832944017996E+01,  3.040774815021899E+02,  8.072735587642919E+01,  2.460658798824383E+06,  6.009285698225159E-02,  1.791712580335398E+02,  1.791757844996877E+02,  7.129281718711601E+03,  7.148818636009943E+03,  5.990728650267467E+03,
2460658.840277778, A.D. 2024-Dec-14 08:10:00.0000,  2.301995180412294E-03,  7.115743930964793E+03,  9.819664889663771E+01,  3.040902587866372E+02,  1.111337540227014E+02,  2.460658874070642E+06,  6.005645675203229E-02,  1.846529573629034E+02,  1.846316199341846E+02,  7.132162133822771E+03,  7.148580336680749E+03,  5.994359632077657E+03,
2460658.847222222, A.D. 2024-Dec-14 08:20:00.0000,  8.718925027486208E-04,  7.136525926312833E+03,  9.819043681029778E+01,  3.040972538897659E+02,  1.012825288947025E+02,  2.460658872244656E+06,  5.992292580242352E-02,  2.304503302472932E+02,  2.303733446334735E+02,  7.142753639660234E+03,  7.148981353007634E+03,  6.007717333212061E+03,
2460658.854166667, A.D. 2024-Dec-14 08:30:00.0000,  1.383418804493157E-03,  7.136623409790865E+03,  9.818824877673298E+01,  3.040980819490738E+02,  7.264062311250264E+01,  2.460658866711920E+06,  5.987568650241200E-02,  2.951001495180201E+02,  2.949564863442968E+02,  7.146510026147537E+03,  7.156396642504209E+03,  6.012457159643555E+03,
2460658.861111111, A.D. 2024-Dec-14 08:40:00.0000,  1.271307493994248E-03,  7.129118732301298E+03,  9.819312942582987E+01,  3.041008586593416E+02,  1.221809548407537E+02,  2.460658876249538E+06,  5.998035551597214E-02,  2.815480880907289E+02,  2.814053107277971E+02,  7.138193571282053E+03,  7.147268410262808E+03,  6.001965091789691E+03,
2460658.868055556, A.D. 2024-Dec-14 08:50:00.0000,  5.702117901859777E-04,  7.125222868793407E+03,  9.819836363344157E+01,  3.041110445807290E+02,  2.230831728888766E+02,  2.460658895682618E+06,  6.009277664286725E-02,  2.165598546909823E+02,  2.165209555269815E+02,  7.129288072908211E+03,  7.133353277023015E+03,  5.990736659407307E+03,
2460658.875000000, A.D. 2024-Dec-14 09:00:00.0000,  8.778766714973707E-04,  7.125855954460319E+03,  9.819672253771313E+01,  3.041238564209883E+02,  1.017949690864135E+01,  2.460658854696908E+06,  6.005702590101767E-02,  1.053512659562095E+02,  1.054482457760585E+02,  7.132117073657672E+03,  7.138378192855025E+03,  5.994302824674170E+03,
2460658.881944444, A.D. 2024-Dec-14 09:10:00.0000,  1.468600016288852E-03,  7.132276329770233E+03,  9.819049314214435E+01,  3.041308702534465E+02,  8.188048354927031E+01,  2.460658868501948E+06,  5.992276778977336E-02,  6.959620132044898E+01,  6.975403264550573E+01,  7.142766196322502E+03,  7.153256062874771E+03,  6.007733175192868E+03,
2460658.888888889, A.D. 2024-Dec-14 09:20:00.0000,  1.058095979076366E-03,  7.138941703011911E+03,  9.818829865877512E+01,  3.041316956136610E+02,  1.108308310877957E+02,  2.460658874071601E+06,  5.987576990819750E-02,  7.665377964240189E+01,  7.677178988456491E+01,  7.146503389512812E+03,  7.154065076013712E+03,  6.012448784407413E+03,
2460658.895833333, A.D. 2024-Dec-14 09:30:00.0000,  1.421461048768559E-03,  7.128058964406954E+03,  9.819316307808216E+01,  3.041344723200032E+02,  5.992913658192936E+01,  2.460658864275124E+06,  5.998020332919679E-02,  1.635437790252426E+02,  1.635898437020445E+02,  7.138205645690405E+03,  7.148352326973855E+03,  6.001980320476197E+03,
2460658.902777778, A.D. 2024-Dec-14 09:40:00.0000,  2.732107718365987E-03,  7.109860126438296E+03,  9.819839464912860E+01,  3.041446188193147E+02,  8.027792886613403E+01,  2.460658868280336E+06,  6.009214227870815E-02,  1.791093780852590E+02,  1.791142278763506E+02,  7.129338246488369E+03,  7.148816366538442E+03,  5.990799900764316E+03,
2460658.909722222, A.D. 2024-Dec-14 09:50:00.0000,  2.320609925173249E-03,  7.115486719370429E+03,  9.819682126977366E+01,  3.041574239012415E+02,  1.107640164450985E+02,  2.460658943541538E+06,  6.005803231922429E-02,  1.845110988342302E+02,  1.844902437729507E+02,  7.132037396138616E+03,  7.148588072906802E+03,  5.994202375570764E+03,
2460658.916666667, A.D. 2024-Dec-14 10:00:00.0000,  8.811070636197454E-04,  7.136325637361472E+03,  9.819061350171091E+01,  3.041645326207105E+02,  1.023610615965869E+02,  2.460658941995733E+06,  5.992461952497768E-02,  2.288590819574260E+02,  2.287830990993174E+02,  7.142619049458695E+03,  7.148912461555919E+03,  6.007547529775227E+03,
2460658.923611111, A.D. 2024-Dec-14 10:10:00.0000,  1.376028103142327E-03,  7.136718912960054E+03,  9.818831762167720E+01,  3.041654021555430E+02,  7.220705417761349E+01,  2.460658936171854E+06,  5.987514931928093E-02,  2.950205992076248E+02,  2.948776116015823E+02,  7.146552770412733E+03,  7.156386627865411E+03,  6.012511101731368E+03,
2460658.930555556, A.D. 2024-Dec-14 10:20:00.0000,  1.280107164914850E-03,  7.129218844857596E+03,  9.819312427548719E+01,  3.041680900721079E+02,  1.212042420338298E+02,  2.460658945604872E+06,  5.997829940244460E-02,  2.820125601544395E+02,  2.818690352375234E+02,  7.138356706423207E+03,  7.147494567988817E+03,  6.002170844899398E+03,
2460658.937500000, A.D. 2024-Dec-14 10:30:00.0000,  5.763573397790565E-04,  7.125237970053618E+03,  9.819841820708913E+01,  3.041781797123247E+02,  2.209120403950776E+02,  2.460658964807708E+06,  6.009203133348569E-02,  2.182197023912964E+02,  2.181788644580107E+02,  7.129347021537315E+03,  7.133456073021012E+03,  5.990810961309499E+03,
2460658.944444444, A.D. 2024-Dec-14 10:40:00.0000,  8.674284165718437E-04,  7.125804504105130E+03,  9.819688514631810E+01,  3.041910213438817E+02,  8.768033315211269E+00,  2.460658923968469E+06,  6.005861842201325E-02,  1.062511588389816E+02,  1.063465582155176E+02,  7.131990995761589E+03,  7.138177487418048E+03,  5.994143879074804E+03,
2460658.951388889, A.D. 2024-Dec-14 10:50:00.0000,  1.465587655071890E-03,  7.132161760826925E+03,  9.819066060415224E+01,  3.041981493322725E+02,  8.111886893760040E+01,  2.460658937898700E+06,  5.992448283657742E-02,  6.984512032190386E+01,  7.000287956884335E+01,  7.142629911049308E+03,  7.153098061271691E+03,  6.007561233056798E+03,
2460658.958333333, A.D. 2024-Dec-14 11:00:00.0000,  1.070022610016535E-03,  7.138898750497686E+03,  9.818836138368221E+01,  3.041990156001830E+02,  1.109893103942129E+02,  2.460658943645732E+06,  5.987523797419843E-02,  7.598220187028483E+01,  7.610120447146117E+01,  7.146545715997318E+03,  7.154192681496951E+03,  6.012502199241897E+03,
2460658.965277778, A.D. 2024-Dec-14 11:10:00.0000,  1.398409964130915E-03,  7.128385661682173E+03,  9.819315587767301E+01,  3.042017055486921E+02,  6.001267635368632E+01,  2.460658933833458E+06,  5.997815672946029E-02,  1.629480147082895E+02,  1.629949267109026E+02,  7.138368026658285E+03,  7.148350391634397E+03,  6.002185122557691E+03,
2460658.972222222, A.D. 2024-Dec-14 11:20:00.0000,  2.723203616306946E-03,  7.109984095745705E+03,  9.819844768486107E+01,  3.042117584231988E+02,  7.983089776152697E+01,  2.460658937736714E+06,  6.009137541982363E-02,  1.790451330940426E+02,  1.790503158054120E+02,  7.129398900613953E+03,  7.148813705482200E+03,  5.990876352636107E+03,
2460658.979166667, A.D. 2024-Dec-14 11:30:00.0000,  2.338868930297985E-03,  7.115234622232452E+03,  9.819698181499272E+01,  3.042245923264540E+02,  1.103936322708260E+02,  2.460659013012318E+06,  6.005957538101092E-02,  1.843699287419919E+02,  1.843495665381405E+02,  7.131915237194245E+03,  7.148595852156037E+03,  5.994048371407925E+03,
2460658.986111111, A.D. 2024-Dec-14 11:40:00.0000,  8.911326240252897E-04,  7.136117600175881E+03,  9.819078134382976E+01,  3.042318137742301E+02,  1.034261162454455E+02,  2.460659011744172E+06,  5.992633799314993E-02,  2.272813502382881E+02,  2.272063827158644E+02,  7.142482499347580E+03,  7.148847398519278E+03,  6.007375255286765E+03,
2460658.993055556, A.D. 2024-Dec-14 11:50:00.0000,  1.368206052537767E-03,  7.136813308881450E+03,  9.818838215970978E+01,  3.042327260312975E+02,  7.179947697395600E+01,  2.460659005636799E+06,  5.987466487950176E-02,  2.949150764760617E+02,  2.947727807047826E+02,  7.146591318378269E+03,  7.156369327875087E+03,  6.012559748342689E+03,
2460659.000000000, A.D. 2024-Dec-14 12:00:00.0000,  1.288835643566657E-03,  7.129317634823034E+03,  9.819311699527537E+01,  3.042353281850288E+02,  1.202537127647210E+02,  2.460659014965245E+06,  5.997626647287450E-02,  2.824508570911586E+02,  2.823065909194056E+02,  7.138518011278214E+03,  7.147718387733393E+03,  6.002374291884564E+03,
2460659.006944444, A.D. 2024-Dec-14 12:10:00.0000,  5.830707026391771E-04,  7.125250497613772E+03,  9.819847022374948E+01,  3.042453225534179E+02,  2.187611617547663E+02,  2.460659033936697E+06,  6.009126737776505E-02,  2.198593175592197E+02,  2.198165194694446E+02,  7.129407446222841E+03,  7.133564394831910E+03,  5.990887124028392E+03,
2460659.013888889, A.D. 2024-Dec-14 12:20:00.0000,  8.567756584303710E-04,  7.125755835380302E+03,  9.819704578571950E+01,  3.042581922575594E+02,  7.340069926452011E+00,  2.460658993236847E+06,  6.006019425172476E-02,  1.071675927495604E+02,  1.072613679907867E+02,  7.131866244778010E+03,  7.137976654175717E+03,  5.993986607688366E+03,
2460659.020833333, A.D. 2024-Dec-14 12:30:00.0000,  1.462329702585500E-03,  7.132047366875949E+03,  9.819082884309491E+01,  3.042654335388642E+02,  8.036103774606507E+01,  2.460659007296182E+06,  5.992621785767818E-02,  7.009029694546173E+01,  7.024794990124616E+01,  7.142492045144043E+03,  7.152936723412137E+03,  6.007387298410560E+03,
2460659.027777778, A.D. 2024-Dec-14 12:40:00.0000,  1.082088863399174E-03,  7.138851949671081E+03,  9.818842613673671E+01,  3.042663424093375E+02,  1.111296030208466E+02,  2.460659013216354E+06,  5.987474189663683E-02,  7.532883226892532E+01,  7.544882861603352E+01,  7.146585189916424E+03,  7.154318430161767E+03,  6.012552014361522E+03,
2460659.034722222, A.D. 2024-Dec-14 12:50:00.0000,  1.375427450590355E-03,  7.128711440448801E+03,  9.819314906759836E+01,  3.042689468106612E+02,  6.012903242654894E+01,  2.460659003398132E+06,  5.997611575470099E-02,  1.623194433303969E+02,  1.623672334524907E+02,  7.138529970527125E+03,  7.148348500605450E+03,  6.002389375670478E+03,
2460659.041666667, A.D. 2024-Dec-14 13:00:00.0000,  2.713931768832256E-03,  7.110112974701449E+03,  9.819849929957712E+01,  3.042789047264321E+02,  7.939043697306815E+01,  2.460659007194337E+06,  6.009057958789664E-02,  1.789743385874437E+02,  1.789798866195378E+02,  7.129461847704612E+03,  7.148810720707776E+03,  5.990955695033947E+03,
2460659.048611111, A.D. 2024-Dec-14 13:10:00.0000,  2.356996587263838E-03,  7.114985002563600E+03,  9.819714145963698E+01,  3.042917651327589E+02,  1.100241764695161E+02,  2.460659082483279E+06,  6.006109905637356E-02,  1.842278717050560E+02,  1.842080179704390E+02,  7.131794618139621E+03,  7.148604233715642E+03,  5.993896309857779E+03,
2460659.055555556, A.D. 2024-Dec-14 13:20:00.0000,  9.020412989424268E-04,  7.135901593149192E+03,  9.819095046634236E+01,  3.042990989218492E+02,  1.044734840109917E+02,  2.460659081489160E+06,  5.992807751860716E-02,  2.257213493902896E+02,  2.256474022054680E+02,  7.142344282663421E+03,  7.148786972177650E+03,  6.007200879891784E+03,
2460659.062500000, A.D. 2024-Dec-14 13:30:00.0000,  1.360106454805736E-03,  7.136906919492649E+03,  9.818844883851926E+01,  3.043000557266133E+02,  7.141301913475279E+01,  2.460659075105813E+06,  5.987421529705776E-02,  2.947884601187765E+02,  2.946468629497305E+02,  7.146627093132108E+03,  7.156347266771567E+03,  6.012604895344500E+03,
2460659.069444444, A.D. 2024-Dec-14 13:40:00.0000,  1.297564418914079E-03,  7.129416461386061E+03,  9.819311018615078E+01,  3.043025733466203E+02,  1.193169541538980E+02,  2.460659084328268E+06,  5.997423313408520E-02,  2.828753954355514E+02,  2.827303917683761E+02,  7.138679357718673E+03,  7.147942254051284E+03,  6.002577793619189E+03,
2460659.076388889, A.D. 2024-Dec-14 13:50:00.0000,  5.901413967897239E-04,  7.125263553073109E+03,  9.819852081288749E+01,  3.043124710251246E+02,  2.166223510595077E+02,  2.460659103068015E+06,  6.009046452263041E-02,  2.214868863288092E+02,  2.214421128407650E+02,  7.129470949017333E+03,  7.133678344961557E+03,  5.990967166919170E+03,
2460659.083333333, A.D. 2024-Dec-14 14:00:00.0000,  8.459748399883022E-04,  7.125710442995501E+03,  9.819720552772498E+01,  3.043253663416618E+02,  5.901318997204029E+00,  2.460659062503138E+06,  6.006174204335872E-02,  1.080948542640431E+02,  1.081869711663846E+02,  7.131743718746805E+03,  7.137776994498109E+03,  5.993832142599445E+03,
2460659.090277778, A.D. 2024-Dec-14 14:10:00.0000,  1.458848090267476E-03,  7.131933153482109E+03,  9.819099843340021E+01,  3.043327204720872E+02,  7.960399684470806E+01,  2.460659076693816E+06,  5.992797081000614E-02,  7.033472400779272E+01,  7.049224180496462E+01,  7.142352761167755E+03,  7.152772368853400E+03,  6.007211576399497E+03,
2460659.097222222, A.D. 2024-Dec-14 14:20:00.0000,  1.094238601718122E-03,  7.138801494330260E+03,  9.818849311035244E+01,  3.043336737674612E+02,  1.112462500386043E+02,  2.460659082782412E+06,  5.987428428430633E-02,  7.469913009930079E+01,  7.482011952099563E+01,  7.146621603560747E+03,  7.154441712791234E+03,  6.012597967611276E+03,
2460659.104166667, A.D. 2024-Dec-14 14:30:00.0000,  1.352618018076328E-03,  7.129035196639992E+03,  9.819314278048081E+01,  3.043361938191256E+02,  6.027545183379068E+01,  2.460659072968620E+06,  5.997408492079914E-02,  1.616608177405442E+02,  1.617095086042863E+02,  7.138691118872860E+03,  7.148347041105728E+03,  6.002592627722633E+03,
2460659.111111111, A.D. 2024-Dec-14 14:40:00.0000,  2.704352602715841E-03,  7.110245957618629E+03,  9.819854951180311E+01,  3.043460553119874E+02,  7.895447565345013E+01,  2.460659076652810E+06,  6.008975953869173E-02,  1.788990649920924E+02,  1.789049991993428E+02,  7.129526711737648E+03,  7.148807465856667E+03,  5.991037454030689E+03,
2460659.118055556, A.D. 2024-Dec-14 14:50:00.0000,  2.374986573092330E-03,  7.114737612889271E+03,  9.819730019940515E+01,  3.043589396919657E+02,  1.096533602990363E+02,  2.460659151953978E+06,  6.006260704597460E-02,  1.840872160748824E+02,  1.840678756473566E+02,  7.131675245841800E+03,  7.148612878794330E+03,  5.993745821330065E+03,
2460659.125000000, A.D. 2024-Dec-14 15:00:00.0000,  9.138144993686120E-04,  7.135677554215234E+03,  9.819112094717732E+01,  3.043663852843102E+02,  1.054949126134924E+02,  2.460659151229102E+06,  5.992984056418718E-02,  2.241873314175674E+02,  2.241144038312890E+02,  7.142204203974276E+03,  7.148730853733319E+03,  6.007024157096264E+03,
2460659.131944444, A.D. 2024-Dec-14 15:10:00.0000,  1.351754154037550E-03,  7.136999427520418E+03,  9.818851780555225E+01,  3.043673884296900E+02,  7.104423720690166E+01,  2.460659144578233E+06,  5.987380232839035E-02,  2.946441929757033E+02,  2.945033033069739E+02,  7.146659954801815E+03,  7.156320482083212E+03,  6.012646366193765E+03,
2460659.138888889, A.D. 2024-Dec-14 15:20:00.0000,  1.306218119273779E-03,  7.129515763520159E+03,  9.819310396121433E+01,  3.043698227459101E+02,  1.183900372545336E+02,  2.460659153693182E+06,  5.997220063646899E-02,  2.832901025061830E+02,  2.831443750777048E+02,  7.138840646523257E+03,  7.148165529526355E+03,  6.002781224957828E+03,
2460659.145833333, A.D. 2024-Dec-14 15:30:00.0000,  5.974864204636525E-04,  7.125277694867119E+03,  9.819856999363192E+01,  3.043796222385462E+02,  2.145052827240474E+02,  2.460659172203525E+06,  6.008962319060070E-02,  2.230927314375275E+02,  2.230459816452009E+02,  7.129537496705589E+03,  7.133797298544058E+03,  5.991051048166861E+03,
2460659.152777778, A.D. 2024-Dec-14 15:40:00.0000,  8.351541549194737E-04,  7.125667420951001E+03,  9.819736435400520E+01,  3.043925405534909E+02,  4.448820897355523E+00,  2.460659131766771E+06,  6.006326168947232E-02,  1.090358993858506E+02,  1.091263366710444E+02,  7.131623425886450E+03,  7.137579430821898E+03,  5.993680494096436E+03,
2460659.159722222, A.D. 2024-Dec-14 15:50:00.0000,  1.455150270495824E-03,  7.131819016788603E+03,  9.819116941043097E+01,  3.044000069676054E+02,  7.884213898314148E+01,  2.460659146090518E+06,  5.992974233299418E-02,  7.058400479585859E+01,  7.074136470986447E+01,  7.142212008524746E+03,  7.152605000260889E+03,  6.007034003244878E+03,
2460659.166666667, A.D. 2024-Dec-14 16:00:00.0000,  1.106392920351784E-03,  7.138747772037513E+03,  9.818856239914069E+01,  3.044010064846300E+02,  1.113326337386982E+02,  2.460659152342629E+06,  5.987386735553784E-02,  7.409970872771736E+01,  7.422168740182903E+01,  7.146654780290624E+03,  7.154561788543736E+03,  6.012639836045316E+03,
2460659.173611111, A.D. 2024-Dec-14 16:10:00.0000,  1.330084577958288E-03,  7.129355939259416E+03,  9.819313709600313E+01,  3.044034433975345E+02,  6.044752195860134E+01,  2.460659142544074E+06,  5.997206745863994E-02,  1.609765456031497E+02,  1.610261485625992E+02,  7.138851215165046E+03,  7.148346491070675E+03,  6.002794555119780E+03,
2460659.180555556, A.D. 2024-Dec-14 16:20:00.0000,  2.694512672094110E-03,  7.110382473723263E+03,  9.819859833657067E+01,  3.044132069714582E+02,  7.852022734442606E+01,  2.460659146111598E+06,  6.008891830320473E-02,  1.788220932435383E+02,  1.788284192604861E+02,  7.129593253090591E+03,  7.148804032457920E+03,  5.991121327620905E+03,
2460659.187500000, A.D. 2024-Dec-14 16:30:00.0000,  2.392804195287991E-03,  7.114492531130236E+03,  9.819745800978654E+01,  3.044261127122997E+02,  1.092783278694830E+02,  2.460659221423863E+06,  6.006410149275239E-02,  1.839508119463504E+02,  1.839319760982782E+02,  7.131556950520377E+03,  7.148621369910517E+03,  5.993596691751715E+03,
2460659.194444444, A.D. 2024-Dec-14 16:40:00.0000,  9.264044831348851E-04,  7.135445701149697E+03,  9.819129277904402E+01,  3.044336694916238E+02,  1.064810296633927E+02,  2.460659220962189E+06,  5.993162869093372E-02,  2.226886628150202E+02,  2.226167473234332E+02,  7.142062139534591E+03,  7.148678577919484E+03,  6.006844930854678E+03,
2460659.201388889, A.D. 2024-Dec-14 16:50:00.0000,  1.343176828130624E-03,  7.137090494435954E+03,  9.818858909726407E+01,  3.044347207463722E+02,  7.068860282198939E+01,  2.460659214053182E+06,  5.987342774243661E-02,  2.944867971726018E+02,  2.943466268049623E+02,  7.146689762522812E+03,  7.156289030609670E+03,  6.012683983095929E+03,
2460659.208333333, A.D. 2024-Dec-14 17:00:00.0000,  1.314709341951774E-03,  7.129615997769120E+03,  9.819309837272010E+01,  3.044370730168275E+02,  1.174686320613413E+02,  2.460659223059153E+06,  5.997017109278310E-02,  2.836993012707997E+02,  2.835528756700604E+02,  7.139001710009478E+03,  7.148387422249837E+03,  6.002984374398808E+03,
2460659.215277778, A.D. 2024-Dec-14 17:10:00.0000,  6.050073406082464E-04,  7.125293491326883E+03,  9.819861778143405E+01,  3.044467728576847E+02,  2.124200376939374E+02,  2.460659241345170E+06,  6.008874507103666E-02,  2.246667640639237E+02,  2.246180533989111E+02,  7.129606955870836E+03,  7.133920420414789E+03,  5.991138599656384E+03,
2460659.222222222, A.D. 2024-Dec-14 17:20:00.0000,  8.244603050842310E-04,  7.125625652392952E+03,  9.819752222615143E+01,  3.044597115438614E+02,  2.979247131155818E+00,  2.460659201027109E+06,  6.006475408061624E-02,  1.099940483747656E+02,  1.100827990013667E+02,  7.131505295424528E+03,  7.137384938456104E+03,  5.993531572889219E+03,
2460659.229166667, A.D. 2024-Dec-14 17:30:00.0000,  1.451245202030638E-03,  7.131704832353034E+03,  9.819134172001465E+01,  3.044672896346011E+02,  7.806935449629174E+01,  2.460659215485113E+06,  5.993153319011950E-02,  7.084424072666523E+01,  7.100142649165518E+01,  7.142069726776588E+03,  7.152434621200142E+03,  6.006854502753665E+03,
2460659.236111111, A.D. 2024-Dec-14 17:40:00.0000,  1.118464899736641E-03,  7.138691310378031E+03,  9.818863398008233E+01,  3.044683371543771E+02,  1.113827620535602E+02,  2.460659221895847E+06,  5.987349228797352E-02,  7.353655173975919E+01,  7.365951226183705E+01,  7.146684626282014E+03,  7.154677942185996E+03,  6.012677501230562E+03,
2460659.243055556, A.D. 2024-Dec-14 17:50:00.0000,  1.307906610562667E-03,  7.129673007820999E+03,  9.819313202800110E+01,  3.044706921804795E+02,  6.064033055851787E+01,  2.460659212123547E+06,  5.997006453774492E-02,  1.602715300284081E+02,  1.603220445575767E+02,  7.139010166410521E+03,  7.148347325000043E+03,  6.002995040524218E+03,
2460659.250000000, A.D. 2024-Dec-14 18:00:00.0000,  2.684432627139872E-03,  7.110522338588356E+03,  9.819864578407365E+01,  3.044803564177257E+02,  7.808481715038292E+01,  2.460659215570150E+06,  6.008805635572718E-02,  1.787462883703634E+02,  1.787529963355708E+02,  7.129661434363221E+03,  7.148800530138085E+03,  5.991207268691879E+03,
2460659.256944444, A.D. 2024-Dec-14 18:10:00.0000,  2.410390343589224E-03,  7.114250196508209E+03,  9.819761484820948E+01,  3.044932809683924E+02,  1.088963175320552E+02,  2.460659290892405E+06,  6.006558216960023E-02,  1.838214106469449E+02,  1.838030573017967E+02,  7.131439750017541E+03,  7.148629303526873E+03,  5.993448943581529E+03,
2460659.263888889, A.D. 2024-Dec-14 18:20:00.0000,  9.397380377211077E-04,  7.135206561827573E+03,  9.819146586715563E+01,  3.045009483249877E+02,  1.074230387469927E+02,  2.460659290686724E+06,  5.993344184495075E-02,  2.212341295032768E+02,  2.211632122549453E+02,  7.141918093922722E+03,  7.148629626017871E+03,  6.006663207017688E+03,
2460659.270833333, A.D. 2024-Dec-14 18:30:00.0000,  1.334400660449036E-03,  7.137179840120270E+03,  9.818866263204964E+01,  3.045020494451392E+02,  7.034146015750080E+01,  2.460659283529764E+06,  5.987309270743519E-02,  2.943209178321679E+02,  2.941814815334498E+02,  7.146716423235478E+03,  7.156253006350686E+03,  6.012717628586678E+03,
2460659.277777778, A.D. 2024-Dec-14 18:40:00.0000,  1.322957664144270E-03,  7.129717547925481E+03,  9.819309340520135E+01,  3.045043209810136E+02,  1.165488261477328E+02,  2.460659292425428E+06,  5.996814690526795E-02,  2.841068930418702E+02,  2.839598059784987E+02,  7.139162357481882E+03,  7.148607167038283E+03,  6.003187001404165E+03,
2460659.284722222, A.D. 2024-Dec-14 18:50:00.0000,  6.126087721046336E-04,  7.125311432830705E+03,  9.819866418665315E+01,  3.045139198404268E+02,  2.103747324437896E+02,  2.460659310494515E+06,  6.008783256478131E-02,  2.262008563235191E+02,  2.261502150252730E+02,  7.129679136812206E+03,  7.134046840793707E+03,  5.991229582326510E+03,
2460659.291666667, A.D. 2024-Dec-14 19:00:00.0000,  8.140262260924033E-04,  7.125584082252163E+03,  9.819767909081155E+01,  3.045268763998888E+02,  1.489762661076425E+00,  2.460659270283606E+06,  6.006622056848331E-02,  1.109721250620459E+02,  1.110591944524802E+02,  7.131389220105802E+03,  7.137194357959442E+03,  5.993385243700378E+03,
2460659.298611111, A.D. 2024-Dec-14 19:10:00.0000,  1.447142915099490E-03,  7.131590499405513E+03,  9.819151522651305E+01,  3.045345656022918E+02,  7.728047076129825E+01,  2.460659284876603E+06,  5.993334375019230E-02,  7.112059366290717E+01,  7.127759433621388E+01,  7.141925886852838E+03,  7.152261274300163E+03,  6.006673038309245E+03,
2460659.305555556, A.D. 2024-Dec-14 19:20:00.0000,  1.130377007342868E-03,  7.138632688761286E+03,  9.818870771869885E+01,  3.045356629014899E+02,  1.113928663978377E+02,  2.460659291441340E+06,  5.987315876353171E-02,  7.301341700812699E+01,  7.313734868011773E+01,  7.146711166742291E+03,  7.154789644723295E+03,  6.012710994952104E+03,
2460659.312500000, A.D. 2024-Dec-14 19:30:00.0000,  1.286123854676890E-03,  7.129986216410076E+03,  9.819312752609410E+01,  3.045379373565339E+02,  6.084981612988500E+01,  2.460659281706258E+06,  5.996807491890997E-02,  1.595498212534261E+02,  1.596012369279664E+02,  7.139168070768439E+03,  7.148349925126802E+03,  6.003194207697999E+03,
2460659.319444444, A.D. 2024-Dec-14 19:40:00.0000,  2.674100494379260E-03,  7.110665824667863E+03,  9.819869185939201E+01,  3.045475010152694E+02,  7.764593468984444E+01,  2.460659285028021E+06,  6.008717132759681E-02,  1.786739487321848E+02,  1.786810164661525E+02,  7.129731443044500E+03,  7.148797061421137E+03,  5.991295513600910E+03,
2460659.326388889, A.D. 2024-Dec-14 19:50:00.0000,  2.427670528921882E-03,  7.114011369145381E+03,  9.819777066007713E+01,  3.045604420168776E+02,  1.085052937333521E+02,  2.460659360359217E+06,  6.006704617377504E-02,  1.837010352363162E+02,  1.836831321639773E+02,  7.131323873946357E+03,  7.148636378747333E+03,  5.993302866242391E+03,
2460659.333333333, A.D. 2024-Dec-14 20:00:00.0000,  9.537264088857762E-04,  7.134960932735881E+03,  9.819164004613974E+01,  3.045682194254226E+02,  1.083142816341549E+02,  2.460659360401425E+06,  5.993527798594119E-02,  2.198303771385959E+02,  2.197604397335344E+02,  7.141772229517419E+03,  7.148583526298957E+03,  6.006479190510202E+03,
2460659.340277778, A.D. 2024-Dec-14 20:10:00.0000,  1.325446310730064E-03,  7.137267310489355E+03,  9.818873822932379E+01,  3.045693721661797E+02,  6.999902059101072E+01,  2.460659353007248E+06,  5.987279730240009E-02,  2.941503310631348E+02,  2.940116459449796E+02,  7.146739930564069E+03,  7.156212550638784E+03,  6.012747294597656E+03,
2460659.347222222, A.D. 2024-Dec-14 20:20:00.0000,  1.330906111040982E-03,  7.129820657482386E+03,  9.819308896992415E+01,  3.045715643391559E+02,  1.156278571941163E+02,  2.460659361791475E+06,  5.996613013441664E-02,  2.845156275976327E+02,  2.843679238099517E+02,  7.139322425326945E+03,  7.148824193171505E+03,  6.003388899584559E+03,
2460659.354166667, A.D. 2024-Dec-14 20:30:00.0000,  6.202234689564106E-04,  7.125331763793140E+03,  9.819870920634671E+01,  3.045810611355812E+02,  2.083741077522177E+02,  2.460659379652473E+06,  6.008688864643764E-02,  2.276902553686505E+02,  2.276377235892977E+02,  7.129753804430530E+03,  7.134175845067921E+03,  5.991323699889114E+03,
2460659.361111111, A.D. 2024-Dec-14 20:40:00.0000,  8.039314124368428E-04,  7.125542004521487E+03,  9.819783485220580E+01,  3.045940335597202E+02,  3.599782187815085E+02,  2.460659339535853E+06,  6.006766291089181E-02,  1.119722680238692E+02,  1.120576682322231E+02,  7.131275060553394E+03,  7.137008116585301E+03,  5.993241330764723E+03,
2460659.368055556, A.D. 2024-Dec-14 20:50:00.0000,  1.442843986796550E-03,  7.131476185175745E+03,  9.819168947310455E+01,  3.046018336952932E+02,  7.647401121905438E+01,  2.460659354264704E+06,  5.993517185473288E-02,  7.141453273687752E+01,  7.157133793490380E+01,  7.141780660456705E+03,  7.152085135737665E+03,  6.006489826583721E+03,
2460659.375000000, A.D. 2024-Dec-14 21:00:00.0000,  1.142092634874300E-03,  7.138572858125157E+03,  9.818878292012775E+01,  3.046029826242604E+02,  1.113675614947301E+02,  2.460659360979997E+06,  5.987285811062135E-02,  7.252568445864962E+01,  7.265057244505439E+01,  7.146735091636713E+03,  7.154897325148269E+03,  6.012741187916276E+03,
2460659.381944444, A.D. 2024-Dec-14 21:10:00.0000,  1.264570153185164E-03,  7.130298070295161E+03,  9.819312314428169E+01,  3.046051779813599E+02,  6.107739577476477E+01,  2.460659351292472E+06,  5.996608195721023E-02,  1.588099974317791E+02,  1.588622994393405E+02,  7.139326249183730E+03,  7.148354428072300E+03,  6.003393722752870E+03,
2460659.388888889, A.D. 2024-Dec-14 21:20:00.0000,  2.663258739216221E-03,  7.110816614227127E+03,  9.819873652417668E+01,  3.046146406025818E+02,  7.720363856155713E+01,  2.460659354485211E+06,  6.008623982271244E-02,  1.786050104164125E+02,  1.786124154707762E+02,  7.129805130048638E+03,  7.148793645870149E+03,  5.991388395449584E+03,
2460659.395833333, A.D. 2024-Dec-14 21:30:00.0000,  2.444373959076372E-03,  7.113779990406460E+03,  9.819792527560946E+01,  3.046275969131124E+02,  1.081061286875458E+02,  2.460659429824482E+06,  6.006846803882045E-02,  1.835888074946895E+02,  1.835713275011605E+02,  7.131211337696996E+03,  7.148642684987532E+03,  5.993161000332867E+03,
2460659.402777778, A.D. 2024-Dec-14 21:40:00.0000,  9.681552414236674E-04,  7.134711984910497E+03,  9.819181445262072E+01,  3.046354846744479E+02,  1.091514007426865E+02,  2.460659430105656E+06,  5.993711645366385E-02,  2.184807575539284E+02,  2.184117887953906E+02,  7.141626187736440E+03,  7.148540390562384E+03,  6.006294952115499E+03,
2460659.409722222, A.D. 2024-Dec-14 21:50:00.0000,  1.316300281703837E-03,  7.137353826649738E+03,  9.818881462764108E+01,  3.046366909323559E+02,  6.965969802673891E+01,  2.460659422485329E+06,  5.987253114900003E-02,  2.939766191794674E+02,  2.938387057129218E+02,  7.146761110312512E+03,  7.156168393975286E+03,  6.012774023267806E+03,
2460659.416666667, A.D. 2024-Dec-14 22:00:00.0000,  1.338589205821766E-03,  7.129925057368297E+03,  9.819308432710626E+01,  3.046388054130342E+02,  1.147094523933997E+02,  2.460659431158014E+06,  5.996412106601241E-02,  2.849217784873097E+02,  2.847734963516896E+02,  7.139481890762429E+03,  7.149038724156562E+03,  6.003590040179002E+03,
2460659.423611111, A.D. 2024-Dec-14 22:10:00.0000,  6.279784954042389E-04,  7.125353267853649E+03,  9.819875279445117E+01,  3.046482002418299E+02,  2.064107504778923E+02,  2.460659448817613E+06,  6.008591724415643E-02,  2.291423814251436E+02,  2.290879825342422E+02,  7.129830648176579E+03,  7.134308028499508E+03,  5.991420560947021E+03,
2460659.430555556, A.D. 2024-Dec-14 22:20:00.0000,  7.939926565266533E-04,  7.125500677795000E+03,  9.819798938695638E+01,  3.046611876575657E+02,  3.584455295410982E+02,  2.460659408784022E+06,  6.006908171271052E-02,  1.129935754321017E+02,  1.130772989302793E+02,  7.131162768665816E+03,  7.136824859536631E+03,  5.993099773386823E+03,
2460659.437500000, A.D. 2024-Dec-14 22:30:00.0000,  1.438326837982366E-03,  7.131362376764446E+03,  9.819186403516829E+01,  3.046690989377108E+02,  7.565964625467194E+01,  2.460659423651279E+06,  5.993701330707361E-02,  7.171640271047575E+01,  7.187299006080903E+01,  7.141634381161928E+03,  7.151906385559410E+03,  6.006305288447093E+03,
2460659.444444444, A.D. 2024-Dec-14 22:40:00.0000,  1.153703736249727E-03,  7.138511601075055E+03,  9.818885927150120E+01,  3.046703013359794E+02,  1.113205976185266E+02,  2.460659430514473E+06,  5.987258479695329E-02,  7.205961963338710E+01,  7.218545202106246E+01,  7.146756841144751E+03,  7.155002081214447E+03,  6.012768635609652E+03,
2460659.451388889, A.D. 2024-Dec-14 22:50:00.0000,  1.243147306765438E-03,  7.130609441344686E+03,  9.819311886833194E+01,  3.046724191987557E+02,  6.133336109822163E+01,  2.460659420884174E+06,  5.996408349788168E-02,  1.580417821493758E+02,  1.580949734231963E+02,  7.139484872735919E+03,  7.148360304127153E+03,  6.003593801491480E+03,
2460659.458333333, A.D. 2024-Dec-14 23:00:00.0000,  2.651922123653055E-03,  7.110974327337733E+03,  9.819877980699222E+01,  3.046817803955373E+02,  7.676259077133255E+01,  2.460659423942617E+06,  6.008526532901045E-02,  1.785348262578819E+02,  1.785425707968665E+02,  7.129882219735289E+03,  7.148790112132845E+03,  5.991485566864666E+03,
2460659.465277778, A.D. 2024-Dec-14 23:10:00.0000,  2.460676922178627E-03,  7.113554156987603E+03,  9.819807874600554E+01,  3.046947504890153E+02,  1.077033732595714E+02,  2.460659499289069E+06,  6.006985594002264E-02,  1.834801923380281E+02,  1.834631280069491E+02,  7.131101493863266E+03,  7.148648830738929E+03,  5.993022529626934E+03,
2460659.472222222, A.D. 2024-Dec-14 23:20:00.0000,  9.831736784998589E-04,  7.134457897101486E+03,  9.819198955734807E+01,  3.047027483740488E+02,  1.099480656207859E+02,  2.460659499802048E+06,  5.993896677996111E-02,  2.171716185455467E+02,  2.171036134262116E+02,  7.141479211487775E+03,  7.148500525874063E+03,  6.006109536748902E+03,
2460659.479166667, A.D. 2024-Dec-14 23:30:00.0000,  1.306935508610064E-03,  7.137439089253427E+03,  9.818889274970307E+01,  3.047040098993867E+02,  6.933426941950630E+01,  2.460659491966087E+06,  5.987230044637337E-02,  2.937890228397650E+02,  2.936518932157829E+02,  7.146779469113818E+03,  7.156119848974209E+03,  6.012797191957674E+03,
2460659.486111111, A.D. 2024-Dec-14 23:40:00.0000,  1.346114759114328E-03,  7.130030026824752E+03,  9.819308014204015E+01,  3.047060481974140E+02,  1.137984087930121E+02,  2.460659500525967E+06,  5.996211908280105E-02,  2.853205633828579E+02,  2.851717257475161E+02,  7.139640802684020E+03,  7.149251578543288E+03,  6.003790484837266E+03,
2460659.493055556, A.D. 2024-Dec-14 23:50:00.0000,  6.359234856213904E-04,  7.125375957907014E+03,  9.819879502294208E+01,  3.047153402067787E+02,  2.044738239497314E+02,  2.460659517987848E+06,  6.008491371976318E-02,  2.305680805028489E+02,  2.305118244659051E+02,  7.129910035148733E+03,  7.134444112390453E+03,  5.991520628273592E+03,
2460659.500000000, A.D. 2024-Dec-15 00:00:00.0000,  7.841296804606248E-04,  7.125460927592250E+03,  9.819814280774784E+01,  3.047283406033094E+02,  3.568947727009394E+02,  2.460659478028705E+06,  6.007047377251008E-02,  1.140329743595882E+02,  1.141150068387118E+02,  7.131052597586944E+03,  7.136644267581638E+03,  5.992960890625537E+03,

